-4256.068923924135
-3734.266230652391
-4583.482753411266
-4889.8090820165635
-4264.9632993523255
-4998.949866448458
-4599.369802993262
-4145.814668051928
-4084.2818109260493
-1801.7378622017973
-4486.130671445295
-3603.788887174677
-6485.605458544804
-6012.182717126992
-5156.697346766361
-4547.814751703209
-4578.190675966362
-4194.051652429135
-3794.989486433957
-1967.8039207617915
-1302.1869768902307
-2429.1166684749046
-2087.4900455122274
-1980.7356342891967
-2103.1868143563333
-2015.9434786904635
-1843.1114265334102
-1705.6773770171612
-1889.5120163932831
-437.05478202564905
-12052.68739379877
-15646.018323895281
-14002.60824902856
-11165.928833074844
-9101.981722803206
-8697.321095878773
-7780.838978663852
-7052.330271365587
-6574.226613543013
-6290.150754319469
-1505.8157678956495
-1865.7778730284897
-4066.657636899823
-3735.8462154172953
-6770.53273221706
-5916.59229963821
-7100.296590356731
-13840.076498147751
-11625.379127809856
-281.5025420278116
-2045.8570781236626
-1536.109240653491
-2527.5727195887935
-7657.595069876542
-3839.672309986802
-4882.832130080301
-1982.4512947702322
-2442.6288287408815
-3178.261877288495
-343.3753465504927
-226.88508210679316
-262.9528066933219
-309.0732426586468
-391.8236423306127
-584.1131605627936
-1839.0703441674013
-2303.456420009699
-2209.363174469352
-2501.65942598494
-890.7273796418256
-1940.6890324571432
-1331.7647109108034
-1773.5364958118062
-2216.749463739799
-2172.07116400711
-3157.4031674767893
-3372.993955215885
-3378.135154879954
-3081.200331440433