-8138.5743607421655
-2690.660844108904
-7131.132321687888
-6115.114396437755
-1140.734386031135
-9402.869269025256
-1802.309358806894
-517.3735885212551
-3530.4860967931436
-1801.7378622017973
-7170.523480688793
-1839.1053186334404
-15131.055172655184
-4118.491751455745
-879.2704949632064
-894.5191813242969
-4790.822145808429
-1120.9394641313293
-203.42999247735278
-1967.8039207617915
-636.57003301867
-4682.976051644252
-1062.610176624197
-1553.7179893970726
-2715.4427146920175
-1492.483464695245
-633.2870614340345
-606.204980887168
-3544.0237707783826
-437.05478202564905
-12052.68739379877
-19239.349253991793
-10715.78809929512
-2655.8905852136972
-846.1932817166512
-6674.017961256604
-2281.946275374328
-1952.7693202777245
-2749.3973509624166
-3733.4680213075817
-1505.8157678956495
-2225.73997816133
-8468.41716464249
-3735.8462154172953
-9805.219249016824
-4208.7114344805095
-10651.409462512298
-40799.19612931183
-551.892276120368
-281.5025420278116
-3810.2116142195136
-516.6135657131482
-5501.9631563947005
-7657.595069876542
-21.749550097061693
-4882.832130080301
-1982.4512947702322
-2902.806362711531
-4649.527974383722
-343.3753465504927
-110.39481766309366
-335.0882558663795
-447.43455055462135
-722.8252410184765
-1545.560751723698
-9368.813445795047
-5554.158950905785
-1456.617210146579
-5132.325689625232
-890.7273796418256
-2990.650685272461
-113.91606781812364
-3098.851850514814
-3989.6013354517713
-1948.6796653436638
-9069.395188294868
-4882.1294693895525
-3419.264752192507
-408.7869204847397